,Sample size,fly tr,fly te,ran tr,ran te,def tr,def te
0,10,0.01136952182187623,0.7854051685758432,0.008007201767001872,0.7411443719225277,0.026099703651710604,0.4822775478020498
1,110,0.0013669190686663095,0.052279696031250524,0.001391577499613971,0.18767648225506933,0.069478375577202,0.1844699959860367
2,210,0.001150055463880984,0.043422825811964806,0.00129291510073378,0.12047467777637769,0.07691480359273353,0.20211170872907785
3,310,0.0010617908309847822,0.04880915995156364,0.0012027418846777228,0.1656718903542043,0.09051307903714093,0.17649157892239417
4,410,0.0011107585552391365,0.025046713723124142,0.0008705355566649192,0.13811312084654986,0.08640631495911676,0.21012342709274684
5,510,0.0007819248140739472,0.03867151433544044,0.0008488926654785126,0.14414024651024854,0.09746025626012658,0.18620847215426592
6,610,0.000639961948994773,0.08451585880089243,0.0009775836895205509,0.15613377638770384,0.09837932890477408,0.22048563644727665
7,710,0.0005624258498053498,0.04046399945066255,0.0012219908747936317,0.09769064026695591,0.10315819044351086,0.15911372656347678
8,810,0.0004731607834702454,0.07566475491177038,0.001067825886098943,0.11192631101097969,0.1163151617405908,0.1373006190948744
9,910,0.00048275709555898753,0.04404267259993037,0.0011114971556634647,0.08024793375135598,0.11429320645090935,0.1486237081762212
10,1010,0.0004244125434825911,0.05960207894638388,0.0009493828920643307,0.17345642069593378,0.11466106204746004,0.16450206854414
11,1110,0.0004536519391624153,0.06961263696549501,0.001272141774724186,0.15648804601741667,0.11896529144567787,0.1748515950654584
12,1210,0.0003168206787417318,0.04446660146705219,0.0014254429310495476,0.15087544028140373,0.11946296307470228,0.20742803878935678
13,1310,0.00037556867246766164,0.061138714887470025,0.0016266211830137703,0.1748798390075338,0.11697623676011477,0.20541585616629243
14,1410,0.00030902541115865464,0.052321272726815624,0.002073183697813876,0.11901425799791802,0.12233661860522967,0.18589763418300556
15,1510,0.00029512272375921167,0.04735695120593237,0.002386891127565029,0.08349690715248208,0.12439034848731183,0.1591993285798842
16,1610,0.0002924178236228912,0.05285127884409472,0.0025718963675395996,0.1117518694900137,0.12462836516896154,0.17984704223432363
17,1710,0.0002853571520165197,0.05220769199244091,0.00274642891549214,0.11266287463285499,0.12672452461878791,0.15999993691228945
18,1810,0.00025044696198719865,0.04422162155056302,0.0038829931781349373,0.0760794707592006,0.13001675393022954,0.1664431361386167
19,1910,0.0002458835218870019,0.052430225124697735,0.004084366467128665,0.09807294131305921,0.13011320707669757,0.16807217158188753
20,2010,0.00024711378144145633,0.0430924913625134,0.004318924928789398,0.05822640176941209,0.1305989185147507,0.17729020411690732
21,2110,0.00017629836567512866,0.05353189922641817,0.005086118823873312,0.1370751168229634,0.12880243253821233,0.19954421984084136
22,2210,0.00021279814460543173,0.05631310337019442,0.0057242074638899,0.1045993910031459,0.13120092083227444,0.19066435596775716
23,2310,0.00022813067217649494,0.07517419320330404,0.006901721981703589,0.12139885496658871,0.13319128225590496,0.19421106283598946
24,2410,0.00018090815794032062,0.06557294752632425,0.007700906923085092,0.11555777831948935,0.13221000629388086,0.19495031136555627
25,2510,0.00015744966670906742,0.11821020822337192,0.009398740140590379,0.12145662678376863,0.13161728175644677,0.209054506494489
26,2610,0.0001837922963302951,0.09433336297497169,0.008519087434362745,0.16448494025262345,0.13227203023805495,0.22343450498840317
27,2710,0.00019014821935179336,0.07103703372520258,0.009822534009217562,0.14818386047413415,0.13391451157349044,0.23304426979479204
28,2810,0.00014724210525854186,0.08598740000575321,0.00936230023542905,0.13661123228771394,0.1313330282142273,0.24615504607406002
29,2910,0.000151318479274274,0.06137216871561988,0.01191169810932612,0.17127911799015488,0.13229779219420673,0.2538907735611594
30,3010,0.0001433470705483881,0.0624426925686831,0.014359872047813683,0.15924616075763057,0.1345363885942151,0.24504260444594195
31,3110,0.00015434271906818593,0.04450146899432241,0.01230004117029895,0.17041223067907768,0.13390591279867833,0.22102347377487758
32,3210,0.00013075784802527463,0.07989268955844626,0.011863648650018432,0.15658165719609612,0.13479983177456767,0.2629777149080299
33,3310,0.0001535753029288133,0.11084030867961203,0.01516651225083506,0.21839591910970174,0.13305386074247255,0.28184043225872407
34,3410,0.0001353416850143342,0.06719645056650417,0.01481571078146741,0.20003322210897148,0.13340824707106763,0.27194142322696135
35,3510,0.00012176329224067111,0.06407188497006348,0.016847847464902248,0.16140368626537885,0.13536745401123065,0.2979594756056704
36,3610,0.00014210783325721015,0.09214165446519357,0.019073706086059374,0.27506971091704885,0.1342817645015601,0.29498315444239886
37,3710,0.00011793257529400705,0.04896159641117154,0.01972253234585752,0.15299030256348267,0.13536708673981984,0.29450688289373755
38,3810,0.00011724445856210607,0.04030779216823701,0.02178114220225208,0.30026634706582317,0.13741926922554387,0.30188314865730137
39,3910,0.00012503081288184868,0.06556685616333258,0.023291494102027802,0.2434593462853413,0.1354832575572598,0.2947802133532459
40,4010,0.00011877959640209104,0.06659640880502436,0.02100804986485888,0.234181336013681,0.13770199430803792,0.2853507738292761
41,4110,0.00010884347281498844,0.06352792874780136,0.021671861922921913,0.22106303785873566,0.1366731366906368,0.3320303149557339
42,4210,0.00012384100492114557,0.06345879844984603,0.022164591246874248,0.28348863981192796,0.13692766382968924,0.3269519084797744
43,4310,0.00012205216984773966,0.06072230730135233,0.024429318621147007,0.177846074361644,0.13803187744912104,0.3238486786017276
44,4410,0.00011574194302809313,0.042203790481234335,0.02671842258436055,0.3350172581422357,0.136872003179296,0.31318363047668446
45,4510,0.00010497406235112417,0.09305041738537899,0.024937057920068374,0.2341110150351014,0.13862021859777596,0.32458807455923044
